[gd_resource type="Skin" format=3 uid="uid://bwbne2j8ikusu"]

[resource]
resource_name = "Skin"
bind_count = 41
bind/0/name = &"mixamorig_Hips"
bind/0/bone = -1
bind/0/pose = Transform3D(1, 0, 0, 0, 1, -1.19209e-07, 0, 7.54979e-08, 1, 0, -2.40389, -5.68434e-14)
bind/1/name = &"mixamorig_Spine"
bind/1/bone = -1
bind/1/pose = Transform3D(1, 0, 0, 0, 0.999849, 0.0173546, 0, -0.0173546, 0.999849, 0, -2.65856, 0.0417187)
bind/2/name = &"mixamorig_Spine1"
bind/2/bone = -1
bind/2/pose = Transform3D(1, 0, 0, 0, 0.999849, 0.0173546, 0, -0.0173546, 0.999849, 0, -2.95608, 0.0417187)
bind/3/name = &"mixamorig_Spine2"
bind/3/bone = -1
bind/3/pose = Transform3D(1, 0, 0, 0, 0.999849, 0.0173546, 0, -0.0173546, 0.999849, 0, -3.29612, 0.0417187)
bind/4/name = &"mixamorig_Neck"
bind/4/bone = -1
bind/4/pose = Transform3D(1, 0, 0, 0, 1, -1.17347e-07, 0, 7.45058e-08, 1, 0, -3.67882, -0.0221295)
bind/5/name = &"mixamorig_Head"
bind/5/bone = -1
bind/5/pose = Transform3D(1, 0, 0, 0, 1, -1.201e-07, 0, 7.72595e-08, 1, 0, -3.82622, -0.0197885)
bind/6/name = &"mixamorig_HeadTop_End"
bind/6/bone = -1
bind/6/pose = Transform3D(1, 0, 0, 0, 1, -1.18723e-07, 0, 7.58826e-08, 1, 0, -4.50256, -0.0090455)
bind/7/name = &"mixamorig_LeftShoulder"
bind/7/bone = -1
bind/7/pose = Transform3D(0.00279671, 0.0181795, -0.999831, 0.977615, -0.210401, -0.00109084, -0.210385, -0.977446, -0.0183609, -0.0443188, 0.646971, 3.57244)
bind/8/name = &"mixamorig_LeftArm"
bind/8/bone = -1
bind/8/pose = Transform3D(1.01954e-08, 0.126197, -0.992005, 1, -1.1784e-07, 2.17839e-07, -1.37243e-08, -0.992005, -0.126197, -0.429522, -0.372908, 3.54836)
bind/9/name = &"mixamorig_LeftForeArm"
bind/9/bone = -1
bind/9/pose = Transform3D(-1.7508e-08, 0.124944, -0.992164, 1, -1.02939e-07, 1.9181e-07, -2.2048e-09, -0.992164, -0.124944, -0.42504, -1.0773, 3.5489)
bind/10/name = &"mixamorig_LeftHand"
bind/10/bone = -1
bind/10/pose = Transform3D(7.26432e-08, 0.268583, -0.963257, 0.99953, 0.0295407, 0.0082371, 0.0306677, -0.962803, -0.268457, -0.939062, -1.71008, 3.39785)
bind/11/name = &"mixamorig_LeftHandThumb1"
bind/11/bone = -1
bind/11/pose = Transform3D(0.410476, 0.302873, -0.860103, 0.87565, -0.394127, 0.27911, -0.254455, -0.867717, -0.42699, -1.71137, -0.142126, 3.56864)
bind/12/name = &"mixamorig_LeftHandThumb2"
bind/12/bone = -1
bind/12/pose = Transform3D(0.512073, 0.207296, -0.833552, 0.811769, -0.433975, 0.390766, -0.280736, -0.876752, -0.390504, -1.54176, -0.0180259, 3.64306)
bind/13/name = &"mixamorig_LeftHandThumb3"
bind/13/bone = -1
bind/13/pose = Transform3D(0.854753, -0.021333, -0.518596, 0.443979, -0.487487, 0.751824, -0.268847, -0.87287, -0.40721, -1.45043, 0.710326, 3.61014)
bind/14/name = &"mixamorig_LeftHandThumb4"
bind/14/bone = -1
bind/14/pose = Transform3D(0.854753, -0.0213329, -0.518596, 0.443979, -0.48749, 0.751822, -0.268849, -0.872868, -0.407212, -1.48046, 0.649, 3.61014)
bind/15/name = &"mixamorig_LeftHandIndex1"
bind/15/bone = -1
bind/15/pose = Transform3D(0.0919319, 0.282829, -0.954755, 0.995765, -0.0261101, 0.0881464, 1.64472e-06, -0.958815, -0.284032, -1.16068, -1.75548, 3.43316)
bind/16/name = &"mixamorig_LeftHandIndex2"
bind/16/bone = -1
bind/16/pose = Transform3D(-0.19912, 0.2445, -0.948984, 0.979975, 0.0496795, -0.192822, 2.23517e-08, -0.968376, -0.249496, -0.459017, -2.11384, 3.46658)
bind/17/name = &"mixamorig_LeftHandIndex3"
bind/17/bone = -1
bind/17/pose = Transform3D(0.0726736, 0.287086, -0.955144, 0.997356, -0.0209175, 0.0695984, 1.57021e-06, -0.957676, -0.287847, -1.15565, -1.98915, 3.42917)
bind/18/name = &"mixamorig_LeftHandIndex4"
bind/18/bone = -1
bind/18/pose = Transform3D(0.0726736, 0.287086, -0.955144, 0.997356, -0.0209175, 0.0695984, 1.57021e-06, -0.957676, -0.287847, -1.1616, -2.0708, 3.42917)
bind/19/name = &"mixamorig_RightShoulder"
bind/19/bone = -1
bind/19/pose = Transform3D(0.00512371, -0.0186208, 0.999814, -0.977615, -0.210401, 0.00109161, 0.210342, -0.977438, -0.0192819, 0.045915, 0.646923, 3.57243)
bind/20/name = &"mixamorig_RightArm"
bind/20/bone = -1
bind/20/pose = Transform3D(4.90052e-08, -0.126989, 0.991904, -1, -7.79296e-08, 2.56678e-07, 8.74889e-09, -0.991904, -0.126989, 0.431512, -0.372908, 3.54813)
bind/21/name = &"mixamorig_RightForeArm"
bind/21/bone = -1
bind/21/pose = Transform3D(5.25765e-08, -0.125901, 0.992043, -1, -6.30284e-08, 2.62178e-07, -6.67255e-09, -0.992043, -0.125901, 0.427622, -1.07719, 3.5486)
bind/22/name = &"mixamorig_RightHand"
bind/22/bone = -1
bind/22/pose = Transform3D(-1.60653e-08, -0.0934844, 0.995621, -0.999739, 0.0227768, 0.00213883, -0.022877, -0.99536, -0.0934599, 0.311676, -1.68541, 3.52302)
bind/23/name = &"mixamorig_RightHandThumb1"
bind/23/bone = -1
bind/23/pose = Transform3D(0.361938, -0.143148, 0.921146, -0.862049, -0.42747, 0.272288, 0.354785, -0.892624, -0.278118, 1.06871, 0.0143994, 3.8236)
bind/24/name = &"mixamorig_RightHandThumb2"
bind/24/bone = -1
bind/24/pose = Transform3D(0.546353, -0.00731123, 0.837523, -0.750576, -0.448007, 0.485723, 0.371665, -0.894, -0.250258, 0.913937, 0.155167, 3.85565)
bind/25/name = &"mixamorig_RightHandThumb3"
bind/25/bone = -1
bind/25/pose = Transform3D(0.665644, 0.0648156, 0.74345, -0.648155, -0.443558, 0.618992, 0.369884, -0.893899, -0.253241, 0.90831, 0.21589, 3.85242)
bind/26/name = &"mixamorig_RightHandThumb4"
bind/26/bone = -1
bind/26/pose = Transform3D(0.665644, 0.0648159, 0.74345, -0.648154, -0.443559, 0.618993, 0.369884, -0.893898, -0.253242, 0.925435, 0.136994, 3.85242)
bind/27/name = &"mixamorig_RightHandIndex1"
bind/27/bone = -1
bind/27/pose = Transform3D(0.0427812, -0.0930313, 0.994744, -0.999085, -0.00398273, 0.0425956, -9.7137e-07, -0.995655, -0.0931164, 0.387774, -1.80123, 3.56077)
bind/28/name = &"mixamorig_RightHandIndex2"
bind/28/bone = -1
bind/28/pose = Transform3D(-0.0383427, -0.0943265, 0.994803, -0.999265, 0.00361708, -0.0381715, 2.26032e-06, -0.995535, -0.0943957, 0.240576, -1.94396, 3.56037)
bind/29/name = &"mixamorig_RightHandIndex3"
bind/29/bone = -1
bind/29/pose = Transform3D(-0.0108576, -0.0985733, 0.995071, -0.999941, 0.00106938, -0.0108046, 9.03151e-07, -0.995129, -0.098579, 0.307799, -2.0369, 3.55902)
bind/30/name = &"mixamorig_RightHandIndex4"
bind/30/bone = -1
bind/30/pose = Transform3D(-0.0108576, -0.0985733, 0.995071, -0.999941, 0.00106937, -0.0108046, 9.02685e-07, -0.995129, -0.098579, 0.306625, -2.14502, 3.55902)
bind/31/name = &"mixamorig_LeftUpLeg"
bind/31/bone = -1
bind/31/pose = Transform3D(-0.999922, 0.0123856, -0.00152106, -0.0122871, -0.998506, -0.0532509, -0.00217742, -0.0532279, 0.998578, 0.193174, 2.26455, 0.0644847)
bind/32/name = &"mixamorig_LeftLeg"
bind/32/bone = -1
bind/32/pose = Transform3D(-0.999883, -0.0149757, -0.00297894, 0.0147311, -0.997446, 0.0698987, -0.00401721, 0.0698471, 0.997548, 0.225272, 1.16755, -0.079563)
bind/33/name = &"mixamorig_LeftFoot"
bind/33/bone = -1
bind/33/pose = Transform3D(-0.992103, -0.0627483, -0.108605, -0.0407661, -0.657549, 0.752307, -0.118619, 0.750795, 0.649797, 0.242825, 0.137514, -0.214036)
bind/34/name = &"mixamorig_LeftToeBase"
bind/34/bone = -1
bind/34/pose = Transform3D(-0.997687, -0.0142132, -0.0664782, -0.0663754, -0.00752964, 0.997764, -0.0146821, 0.999871, 0.00656915, 0.228518, -0.345049, -0.00567292)
bind/35/name = &"mixamorig_LeftToe_End"
bind/35/bone = -1
bind/35/pose = Transform3D(-0.997687, -0.0142128, -0.0664781, -0.0663753, -0.00752961, 0.997764, -0.0146816, 0.999871, 0.00656916, 0.228517, -0.507832, -0.005673)
bind/36/name = &"mixamorig_RightUpLeg"
bind/36/bone = -1
bind/36/pose = Transform3D(-0.999922, -0.012379, 0.00145618, 0.0122888, -0.998626, -0.0509414, 0.00208394, -0.0509195, 0.998699, -0.193185, 2.26469, 0.0593289)
bind/37/name = &"mixamorig_RightLeg"
bind/37/bone = -1
bind/37/pose = Transform3D(-0.999884, 0.0149611, 0.00284913, -0.0147332, -0.997581, 0.0679304, 0.00385771, 0.0678808, 0.997684, -0.225262, 1.16754, -0.0797136)
bind/38/name = &"mixamorig_RightFoot"
bind/38/bone = -1
bind/38/pose = Transform3D(-0.991883, 0.0626603, 0.110642, 0.0412129, -0.664739, 0.745936, 0.120288, 0.744442, 0.65676, -0.242949, 0.139451, -0.212821)
bind/39/name = &"mixamorig_RightToeBase"
bind/39/bone = -1
bind/39/pose = Transform3D(-0.997639, 0.0136774, 0.067295, 0.0671945, -0.00762595, 0.997709, 0.0141593, 0.999877, 0.00668918, -0.228456, -0.339794, -0.00578728)
bind/40/name = &"mixamorig_RightToe_End"
bind/40/bone = -1
bind/40/pose = Transform3D(-0.997639, 0.0136711, 0.0672949, 0.0671945, -0.00762587, 0.997709, 0.0141531, 0.999877, 0.00668953, -0.228456, -0.500597, -0.00578868)
